                    ELON       CEL     MATIC           UFO
date                                                      
2021-04-22  5.123941e-08  6.174217  0.369238           NaN
2021-04-23  4.913603e-08  6.946690  0.390769           NaN
2021-04-24  1.012199e-07  6.352832  0.363305           NaN
2021-04-25  7.103151e-08  5.931757  0.393101           NaN
2021-04-26  1.023527e-07  5.655553  0.488467           NaN
2021-04-27  2.338505e-07  6.122460  0.814504           NaN
2021-04-28  2.681113e-07  6.081418  0.776252           NaN
2021-04-29  2.852627e-07  5.849730  0.903160           NaN
2021-04-30  2.017192e-07  5.464645  0.766331           NaN
2021-05-01  2.819615e-07  6.237722  0.787774           NaN
2021-05-02  1.698704e-07  6.308234  0.836434           NaN
2021-05-03  1.815089e-07  6.345814  0.788234           NaN
2021-05-04  1.992323e-07  6.402461  0.751710           NaN
2021-05-05  2.774883e-07  5.995620  0.759737           NaN
2021-05-06  3.242105e-07  6.511883  0.770505           NaN
2021-05-07  2.584431e-07  6.646463  0.740375           NaN
2021-05-08  4.439228e-07  6.960161  0.829051           NaN
2021-05-09  3.821531e-07  7.355847  0.979764           NaN
2021-05-10  5.729756e-07  7.417831  0.917515           NaN
2021-05-11  2.280509e-06  7.084224  1.060756           NaN
2021-05-12  6.070151e-07  7.976931  1.235715           NaN
2021-05-13  5.929343e-07  6.969720  1.063799           NaN
2021-05-14  8.307694e-07  7.322177  1.467965           NaN
2021-05-15  6.167489e-07  7.299931  1.711785           NaN
2021-05-16  5.460126e-07  6.927833  1.726330           NaN
2021-05-17  4.193281e-07  7.371786  1.827161           NaN
2021-05-18  4.544312e-07  7.208346  2.507313           NaN
2021-05-19  2.730125e-07  7.178716  1.966329           NaN
2021-05-20  3.512812e-07  6.121311  1.679621           NaN
2021-05-21  3.308707e-07  6.821381  1.613045           NaN
2021-05-22  2.759310e-07  6.546775  1.193057           NaN
2021-05-23  2.062408e-07  6.737472  1.188832           NaN
2021-05-24  2.041129e-07  6.191282  1.541219           NaN
2021-05-25  2.019947e-07  6.906174  1.946349           NaN
2021-05-26  1.697692e-07  6.653531  2.159494           NaN
2021-05-27  1.988642e-07  6.902526  2.083818           NaN
2021-05-28  1.812701e-07  7.558285  1.982693           NaN
2021-05-29  1.839472e-07  7.188084  1.742578           NaN
2021-05-30  1.633982e-07  6.994408  1.798161           NaN
2021-05-31  1.486692e-07  6.959228  1.797399           NaN
2021-06-01  1.408528e-07  7.329976  1.857826           NaN
2021-06-02  1.463290e-07  7.304843  1.757164           NaN
2021-06-03  1.381436e-07  7.716451  1.763048           NaN
2021-06-04  1.406202e-07  8.229226  1.728368           NaN
2021-06-05  1.299965e-07  8.067973  1.587626           NaN
2021-06-06  1.259031e-07  7.629209  1.568895           NaN
2021-06-07  1.131702e-07  7.912705  1.567786           NaN
2021-06-08  9.748958e-08  7.071914  1.479739           NaN
2021-06-09  9.691034e-08  6.476523  1.341662           NaN
2021-06-10  9.883498e-08  7.378414  1.395154           NaN
2021-06-11  9.874120e-08  7.107741  1.239322           NaN
2021-06-12  1.006854e-07  7.264500  1.410695           NaN
2021-06-13  8.937082e-08  6.418815  1.344548           NaN
2021-06-14  9.584853e-08  6.699840  1.493661           NaN
2021-06-15  9.850179e-08  6.840017  1.651763           NaN
2021-06-16  9.542495e-08  7.001057  1.554232           NaN
2021-06-17  8.749365e-08  6.869801  1.514993           NaN
2021-06-18  8.700345e-08  6.809662  1.469444           NaN
2021-06-19  7.326008e-08  6.250540  1.371127           NaN
2021-06-20  7.359544e-08  6.193020  1.393141           NaN
2021-06-21  6.730085e-08  6.116707  1.240331           NaN
2021-06-22  4.999705e-08  5.267487  1.045956           NaN
2021-06-23  5.768060e-08  5.518945  1.134623           NaN
2021-06-24  6.014408e-08  5.558001  1.168657           NaN
2021-06-25  5.951800e-08  6.014136  1.147525           NaN
2021-06-26  5.933502e-08  4.866968  1.060913           NaN
2021-06-27  5.572503e-08  4.857360  1.025236           NaN
2021-06-28  6.367512e-08  6.001836  1.130642           NaN
2021-06-29  8.604282e-08  5.935906  1.126103  6.480601e-07
2021-06-30  8.841803e-08  6.475295  1.190808  6.745428e-07
2021-07-01  8.079878e-08  6.231675  1.129998  6.750971e-07
2021-07-02  7.381981e-08  6.188226  1.101600  9.073072e-07
2021-07-03  8.188174e-08  6.666219  1.092667  1.589068e-06
2021-07-04  7.868616e-08  6.763699  1.125060  1.200898e-06
2021-07-05  7.885123e-08  7.079599  1.151077  6.731269e-07
2021-07-06  7.527584e-08  6.823336  1.122050  8.768245e-07
2021-07-07  7.403475e-08  6.843879  1.135821  8.122493e-07
2021-07-08  6.822927e-08  6.651876  1.077911  7.885060e-07
2021-07-09  6.299123e-08  6.261815  1.026164  7.579590e-07
2021-07-10  6.102544e-08  6.263497  1.043124  8.495622e-07
2021-07-11  5.977197e-08  6.079633  1.025853  8.932682e-07
2021-07-12  5.995091e-08  6.157521  1.031310  9.283240e-07
2021-07-13  5.860650e-08  6.048784  0.961018  7.090483e-07
2021-07-14  5.681796e-08  5.618871  0.924153  6.013626e-07
2021-07-15  5.863325e-08  5.687606  0.904785  6.493955e-07
2021-07-16  5.050510e-08  5.326990  0.819582  5.850983e-07
2021-07-17  5.058199e-08  5.346964  0.798811  5.700915e-07
2021-07-18  5.003459e-08  5.287046  0.796112  5.208790e-07
2021-07-19  5.189301e-08  5.093684  0.759861  4.849280e-07
2021-07-20  4.817079e-08  5.003409  0.722723  3.787564e-07
2021-07-21  4.811877e-08  4.894151  0.827487  4.172435e-07
2021-07-22  5.267525e-08  5.275988  0.890439  4.254176e-07
2021-07-23  5.135073e-08  5.744827  0.913859  5.120441e-07
2021-07-24  5.000112e-08  5.797938  0.931165  4.279771e-07
2021-07-25  4.947816e-08  5.721874  0.913008  4.923067e-07
2021-07-26  4.705201e-08  5.689457  0.964567  5.948868e-07
2021-07-27  4.876276e-08  5.669170  0.988106  6.885726e-07
2021-07-28  5.109041e-08  5.811956  0.993663  9.156153e-07
2021-07-29  5.266795e-08  5.955932  1.029030  1.337147e-06
2021-07-30  5.127907e-08  6.004557  1.010177  9.603385e-07
2021-07-31  1.074901e-07  6.288636  1.090950  1.362207e-06
2021-08-01  1.097815e-07  6.361831  1.095400  1.190095e-06
2021-08-02  9.051350e-08  6.067481  1.066625  1.201854e-06
2021-08-03  7.964910e-08  5.890058  1.045878  9.720392e-07
2021-08-04  8.685036e-08  5.742826  1.016092  1.105867e-06
2021-08-05  8.280630e-08  5.983032  1.033675  9.714843e-07
2021-08-06  7.899151e-08  5.924448  1.030502  1.430111e-06
2021-08-07  7.822620e-08  6.354492  1.126227  1.800237e-06
2021-08-08  8.637615e-08  6.422173  1.100780  1.569910e-06
2021-08-09  8.578660e-08  6.144163  1.064143  1.359986e-06
2021-08-10  8.706670e-08  6.542786  1.176357  1.434160e-06
2021-08-11  8.451837e-08  6.451312  1.364587  1.477275e-06
2021-08-12  7.940558e-08  6.359602  1.361254  1.260154e-06
2021-08-13  7.675724e-08  5.853718  1.406595  1.519696e-06
2021-08-14  7.986421e-08  6.282223  1.458050  1.863961e-06
2021-08-15  8.068954e-08  6.262887  1.469927  2.562139e-06
2021-08-16  7.931812e-08  6.305454  1.458042  2.139679e-06
2021-08-17  7.589246e-08  6.401608  1.395266  2.850567e-06
2021-08-18  6.770711e-08  5.990766  1.338357  2.555348e-06
2021-08-19  6.230594e-08  5.886838  1.360610  2.590766e-06
2021-08-20  6.170633e-08  5.755967  1.465809  3.301863e-06
2021-08-21  6.452817e-08  5.821072  1.594186  2.916885e-06
2021-08-22  6.459501e-08  6.105861  1.617210  3.834402e-06
2021-08-23  6.352900e-08  5.871407  1.613726  4.035016e-06
2021-08-24  6.099057e-08  5.677479  1.532327  4.657088e-06
2021-08-25  6.131258e-08  5.567558  1.498666  5.466964e-06
2021-08-26  6.315086e-08  5.818027  1.456054  4.983040e-06
2021-08-27  6.098556e-08  5.649497  1.454027  5.275217e-06
2021-08-28  6.011623e-08  5.950437  1.465022  6.789543e-06
2021-08-29  6.107271e-08  5.664933  1.423016  5.107671e-06
2021-08-30  6.408132e-08  5.823508  1.372099  5.436586e-06
2021-08-31  6.111954e-08  5.499671  1.345840  4.673432e-06
2021-09-01  6.460964e-08  5.536596  1.417756  4.660369e-06
2021-09-02  6.296902e-08  5.783538  1.432755  3.660571e-06
2021-09-03  6.205237e-08  6.355790  1.436397  5.247676e-06
2021-09-04  6.492652e-08  6.362499  1.734183  4.522676e-06
2021-09-05  5.947835e-08  6.114768  1.621174  4.117564e-06
2021-09-06  5.877398e-08  6.132047  1.618889  3.700490e-06
2021-09-07  5.856447e-08  6.708762  1.534669  3.305931e-06
2021-09-08  5.549452e-08  5.955058  1.356105  2.909808e-06
2021-09-09  5.264824e-08  5.777803  1.351286  2.839360e-06
2021-09-10  5.335114e-08  5.858901  1.351241  2.482384e-06
2021-09-11  4.975547e-08  5.646628  1.300338  2.239193e-06
2021-09-12  5.593657e-08  5.515481  1.306365  2.339353e-06
2021-09-13  5.621436e-08  5.478911  1.282674  3.471817e-06
2021-09-14  5.822106e-08  5.023723  1.263550  3.006539e-06
2021-09-15  7.455074e-08  5.131094  1.379444  3.776872e-06
2021-09-16  6.636158e-08  5.509049  1.393810  3.805903e-06
2021-09-17  6.867425e-08  5.463859  1.438448  3.699024e-06
2021-09-18  6.602618e-08  5.354926  1.333384  3.667897e-06
2021-09-19  6.195810e-08  5.531608  1.341948  3.180759e-06
2021-09-20  6.185984e-08  5.628889  1.254630  2.879397e-06
2021-09-21  5.487132e-08  5.305892  1.103098  2.241902e-06
2021-09-22  5.234042e-08  4.776179  1.131236  2.568761e-06
2021-09-23  5.632594e-08  4.934471  1.187430  2.515908e-06
2021-09-24  5.690282e-08  5.272696  1.183870  2.863444e-06
2021-09-25  5.497550e-08  5.038809  1.124113  3.269393e-06
2021-09-26  5.506634e-08  5.014370  1.114483  3.503739e-06
2021-09-27  5.738550e-08  5.130380  1.105801  3.345559e-06
2021-09-28  5.487220e-08  5.099075  1.073063  2.831421e-06
2021-09-29  5.227937e-08  4.940715  1.086006  2.885596e-06
2021-09-30  4.924714e-08  4.783830  1.068019  3.114294e-06
2021-10-01  5.093802e-08  5.375996  1.154380  3.778934e-06
2021-10-02  5.938015e-08  5.800538  1.307647  5.612813e-06
2021-10-03  5.965199e-08  5.646833  1.311528  6.410721e-06
2021-10-04  6.541097e-08  5.489255  1.250576  7.142010e-06
2021-10-05  7.212913e-08  5.484405  1.254557  7.861103e-06
2021-10-06  1.240546e-07  5.473091  1.172705  6.807595e-06
2021-10-07  1.505594e-07  5.846275  1.315374  6.923717e-06
2021-10-08  1.350262e-07  5.671565  1.337145  6.258718e-06
2021-10-09  1.332784e-07  5.664477  1.325580  6.590015e-06
2021-10-10  1.239042e-07  5.655483  1.257267  6.417749e-06
2021-10-11  1.417989e-07  5.463417  1.180175  6.729969e-06
2021-10-12  1.544542e-07  5.764957  1.249025  7.661015e-06
2021-10-13  2.176199e-07  5.551276  1.216400  7.235156e-06
2021-10-14  2.680324e-07  5.647470  1.265705  7.201263e-06
2021-10-15  2.331951e-07  5.445082  1.481164  6.590040e-06
2021-10-16  2.646984e-07  5.740670  1.526324  6.916338e-06
2021-10-17  2.720951e-07  5.576560  1.446996  6.398667e-06
2021-10-18  4.441475e-07  5.378841  1.469785  6.378209e-06
2021-10-19  5.031165e-07  5.066373  1.425813  6.562048e-06
2021-10-20  4.757669e-07  5.166042  1.490464  7.915916e-06
2021-10-21  4.850747e-07  5.471269  1.596980  8.657808e-06
2021-10-22  4.910462e-07  5.130064  1.556175  1.114430e-05
2021-10-23  5.167312e-07  4.972723  1.630845  1.201330e-05
2021-10-24  5.042011e-07  5.160121  1.587774  1.142736e-05
2021-10-25  4.957134e-07  4.863027  1.616623  1.310371e-05
2021-10-26  6.669386e-07  5.097432  1.818815  1.223247e-05
2021-10-27  6.967574e-07  4.823815  1.836792  1.113381e-05
2021-10-28  7.548634e-07  4.556370  2.056983  1.612930e-05
2021-10-29  1.651347e-06  4.515707  1.973748  1.900673e-05
2021-10-30  2.168591e-06  4.690641  1.875444  2.930441e-05
2021-10-31  2.305564e-06  4.512403  1.948754  2.980339e-05
2021-11-01  2.226907e-06  4.338183  1.918796  2.810866e-05
2021-11-02  1.657797e-06  4.079277  1.875803  2.264805e-05
2021-11-03  1.271865e-06  4.183176  2.042877  2.196274e-05
2021-11-04  1.349908e-06  4.440375  1.974242  2.000638e-05
2021-11-05  1.884826e-06  4.582051  1.919105  2.265698e-05
2021-11-06  1.739180e-06  4.380316  1.877323  2.332371e-05
2021-11-07  2.053176e-06  4.203848  1.842810  2.759168e-05
2021-11-08  1.828699e-06  4.086018  1.770415  2.627733e-05
2021-11-09  1.843043e-06  4.529123  1.777759  2.405881e-05
2021-11-10  1.743068e-06  4.685971  1.759522  2.138664e-05
2021-11-11  1.918750e-06  4.607947  1.767273  2.188184e-05
2021-11-12  1.784569e-06  4.627862  1.743080  2.053422e-05
2021-11-13  1.675665e-06  4.762101  1.754099  2.092901e-05
2021-11-14  1.728904e-06  4.692849  1.717840  2.659259e-05
2021-11-15  1.676701e-06  4.745452  1.745064  2.707799e-05
2021-11-16  1.612616e-06  4.665419  1.661376  2.562983e-05
2021-11-17  1.775637e-06  4.217670  1.639685  2.299492e-05
2021-11-18  1.718065e-06  4.227704  1.585448  2.415775e-05
2021-11-19  1.750417e-06  4.006037  1.586476  2.826246e-05
2021-11-20  1.770432e-06  3.903051  1.631687  3.624466e-05
2021-11-21  1.756754e-06  4.067562  1.640713  4.081920e-05
2021-11-22  1.672697e-06  4.102087  1.637274  4.295183e-05
2021-11-23  1.578474e-06  3.812746  1.718058  4.332888e-05
2021-11-24  1.371930e-06  4.346601  1.709538  4.944080e-05
2021-11-25  1.455314e-06  4.265433  1.857795  5.166393e-05
2021-11-26  1.409708e-06  4.313522  1.795256  5.070935e-05
2021-11-27  1.371231e-06  3.861579  1.584582  4.578368e-05
2021-11-28  1.322129e-06  3.708805  1.570714  4.226425e-05
2021-11-29  1.571973e-06  3.734460  1.798596  4.515526e-05
2021-11-30  1.683228e-06  3.866144  1.815403  4.128403e-05
2021-12-01  1.550646e-06  3.933557  2.008545  3.828966e-05
2021-12-02  1.552919e-06  4.027021  2.152872  3.773391e-05
2021-12-03  1.503563e-06  3.932039  2.408048  3.426911e-05
2021-12-04  1.224208e-06  4.265098  2.158639  3.270114e-05
2021-12-05  1.122340e-06  3.715448  2.015696  2.486627e-05
2021-12-06  1.261873e-06  3.659904  2.215306  2.796621e-05
2021-12-07  1.246794e-06  3.623506  2.364705  3.060525e-05
2021-12-08  1.216317e-06  3.689560  2.429247  2.565033e-05
2021-12-09  1.211556e-06  3.647034  2.217269  2.376311e-05
2021-12-10  1.134812e-06  3.987509  2.115413  2.091072e-05
2021-12-11  1.109605e-06  3.736820  2.045001  2.121437e-05
2021-12-12  1.200720e-06  3.823024  2.051307  2.450315e-05
2021-12-13  1.195562e-06  4.038138  1.944470  2.259731e-05
2021-12-14  1.148105e-06  3.635913  1.870559  2.176552e-05
2021-12-15  1.179063e-06  3.786175  2.105087  2.374302e-05
2021-12-16  1.179717e-06  3.917566  2.135358  3.171279e-05
2021-12-17  1.136990e-06  3.867128  2.195712  2.856914e-05
2021-12-18  1.059798e-06  3.734713  2.202810  2.814554e-05
2021-12-19  1.062531e-06  3.779478  2.237275  2.482168e-05
2021-12-20  1.028972e-06  3.783184  2.129233  2.464046e-05
2021-12-21  1.128188e-06  3.667285  2.271113  2.368202e-05
2021-12-22  1.309411e-06  3.964642  2.527543  2.492322e-05
2021-12-23  1.619364e-06  3.825641  2.565801  2.707465e-05
2021-12-24  1.635479e-06  3.914104  2.466710  2.747466e-05
2021-12-25  1.672712e-06  3.874706  2.655455  2.849510e-05
2021-12-26  1.621127e-06  3.841397  2.871775  2.755390e-05
2021-12-27  1.729725e-06  3.810013  2.739503  2.963130e-05
2021-12-28  1.599973e-06  4.040861  2.668199  2.760604e-05
2021-12-29  1.458107e-06  4.068672  2.540784  2.405928e-05
2021-12-30  1.427596e-06  4.431540  2.515211  2.400274e-05
2021-12-31  1.593044e-06  4.448092  2.575832  2.412177e-05
2022-01-01  1.641213e-06  4.119922  2.504421  2.370613e-05
2022-01-02  1.637961e-06  4.296139  2.571117  2.474898e-05
2022-01-03  1.589365e-06  4.175977  2.482512  2.312638e-05
2022-01-04  1.544202e-06  4.074707  2.404294  2.225190e-05
2022-01-05  1.496356e-06  3.853273  2.314721  2.057962e-05
2022-01-06  1.419148e-06  3.581642  2.276976  1.880407e-05
2022-01-07  1.385266e-06  3.440381  2.139193  1.672823e-05
2022-01-08  1.246396e-06  3.194983  1.985059  1.488795e-05
2022-01-09  1.279358e-06  3.189154  2.104954  1.761111e-05
2022-01-10  1.189822e-06  3.075762  2.069428  1.675038e-05
2022-01-11  1.206881e-06  3.088934  2.301275  1.670009e-05
2022-01-12  1.343391e-06  3.198950  2.324683  1.689894e-05
2022-01-13  1.307441e-06  3.482625  2.340671  1.682602e-05
2022-01-14  1.291613e-06  3.134926  2.310665  1.508506e-05
2022-01-15  1.301133e-06  3.204338  2.352391  1.527308e-05
2022-01-16  1.277671e-06  3.230800  2.333414  1.482407e-05
2022-01-17  1.287984e-06  3.171939  2.267388  1.265341e-05
2022-01-18  1.230987e-06  3.072943  2.125263  1.108176e-05
2022-01-19  1.193249e-06  3.095008  2.070510  1.109745e-05
2022-01-20  1.149551e-06  3.144140  2.005360  1.204119e-05
2022-01-21  9.982110e-07  2.926698  1.894661  1.000412e-05
2022-01-22  6.310066e-07  2.688820  1.594018  8.297913e-06
2022-01-23  8.210862e-07  2.409460  1.561552  8.116392e-06
2022-01-24  7.662973e-07  2.317769  1.491363  8.424511e-06
2022-01-25  7.542701e-07  2.191123  1.558315  9.105966e-06
2022-01-26  8.478288e-07  2.252715  1.597563  9.632259e-06
2022-01-27  9.004530e-07  2.041889  1.581271  8.996955e-06
2022-01-28  9.078813e-07  2.293657  1.658050  9.440590e-06
2022-01-29  9.015609e-07  2.389776  1.682918  9.368590e-06
2022-01-30  8.749185e-07  2.593469  1.616243  9.201878e-06
2022-01-31  8.611449e-07  2.529051  1.621761  9.682959e-06
2022-02-01  8.625479e-07  2.588985  1.639010  1.173625e-05
2022-02-02  8.151560e-07  2.547344  1.619686  1.431227e-05
2022-02-03  7.968937e-07  2.450678  1.542306  1.350458e-05
2022-02-04  8.500298e-07  2.436523  1.515286  1.434791e-05
2022-02-05  9.297415e-07  2.705988  1.724077  1.567001e-05
2022-02-06  9.680128e-07  2.918050  1.699207  1.496617e-05
2022-02-07  1.123791e-06  3.035771  1.959975  1.568709e-05
2022-02-08  1.075212e-06  3.059426  1.937812  1.497375e-05
2022-02-09  1.133305e-06  3.281251  2.041673  1.481244e-05
2022-02-10  1.059565e-06  3.526430  1.932191  1.389485e-05
2022-02-11  9.801067e-07  3.275940  1.764727  1.207897e-05
2022-02-12  9.945676e-07  3.197030  1.703623  1.174074e-05
2022-02-13  9.632724e-07  3.103651  1.672372  1.176598e-05
2022-02-14  9.271200e-07  3.132652  1.645547  1.170174e-05
2022-02-15  9.693533e-07  3.423688  1.780122  1.304781e-05
2022-02-16  1.005054e-06  3.550237  1.865412  1.378478e-05
2022-02-17  9.336964e-07  3.564943  1.802736  1.280289e-05
2022-02-18  8.607133e-07  3.171656  1.616477  1.128167e-05
2022-02-19  8.421555e-07  3.146988  1.627458  1.080708e-05
2022-02-20  8.223270e-07  3.274306  1.582965  1.002714e-05
2022-02-21  7.913245e-07  3.181031  1.464667  9.705924e-06
2022-02-22  7.660865e-07  2.993769  1.416769  9.037642e-06
2022-02-23  7.865468e-07  3.165497  1.484988  9.232273e-06
2022-02-24  7.123290e-07  2.859493  1.402046  8.001102e-06
2022-02-25  7.708442e-07  3.018687  1.519021  9.199272e-06
2022-02-26  7.998775e-07  3.163234  1.520028  9.205336e-06
2022-02-27  7.760978e-07  2.998326  1.503735  8.713834e-06
2022-02-28  7.338995e-07  2.791290  1.408518  8.238158e-06
2022-03-01  8.375157e-07  3.129712  1.582361  9.371138e-06
2022-03-02  8.341400e-07  3.194835  1.654433  9.848517e-06
2022-03-03  8.178855e-07  3.208292  1.640531  9.417678e-06
2022-03-04  8.085947e-07  3.314036  1.597014  9.008224e-06
2022-03-05  7.603328e-07  3.030717  1.500953  8.298356e-06
2022-03-06  7.426667e-07  2.986959  1.478107  8.084315e-06
2022-03-07  7.126398e-07  2.873960  1.432203  7.476152e-06
2022-03-08  6.926722e-07  2.848540  1.420196  7.466229e-06
2022-03-09  6.850322e-07  2.859894  1.390030  7.394108e-06
2022-03-10  7.489084e-07  3.301678  1.532089  8.145434e-06
2022-03-11  6.974518e-07  3.203922  1.431665  7.451649e-06
2022-03-12  6.937748e-07  3.056035  1.394274  7.291909e-06
2022-03-13  6.872600e-07  3.096123  1.401396  7.369255e-06
2022-03-14  6.519289e-07  2.891384  1.316099  7.055246e-06
2022-03-15  6.851452e-07  3.071933  1.391973  7.250759e-06
2022-03-16  6.960061e-07  3.032522  1.403344  7.255565e-06
2022-03-17  7.161916e-07  3.287389  1.456194  7.609317e-06
2022-03-18  7.048486e-07  3.299439  1.471440  7.412000e-06
2022-03-19  7.396691e-07  3.270246  1.514329  7.917079e-06
2022-03-20  7.192970e-07  3.318722  1.497706  7.917882e-06
2022-03-21  7.069558e-07  3.219643  1.474161  7.690705e-06
2022-03-22  7.027202e-07  3.125046  1.458714  7.495163e-06
2022-03-23  7.221254e-07  3.173384  1.539205  7.636941e-06
2022-03-24  7.468412e-07  3.202461  1.588629  8.411058e-06
2022-03-25  8.299391e-07  3.284626  1.564457  9.376747e-06
2022-03-26  8.281163e-07  3.268809  1.603660  9.090687e-06
2022-03-27  8.232466e-07  3.151744  1.611563  9.644564e-06
2022-03-28  1.020098e-06  3.302790  1.645999  1.031715e-05
2022-03-29  1.124034e-06  3.341294  1.657323  1.005904e-05
2022-03-30  1.033706e-06  3.302227  1.697793  1.039356e-05
2022-03-31  9.814987e-07  3.445709  1.672427  9.575608e-06
2022-04-01  1.012916e-06  3.205550  1.667089  1.039747e-05
2022-04-02  1.017287e-06  3.173202  1.667936  1.027915e-05
2022-04-03  1.029324e-06  3.113075  1.669308  1.101757e-05
2022-04-04  1.015919e-06  3.159543  1.643004  1.122358e-05
2022-04-05  1.017577e-06  3.174548  1.626313  1.148140e-05
2022-04-06  9.641392e-07  3.174909  1.539836  1.042236e-05
2022-04-07  9.282439e-07  3.017234  1.502624  9.814398e-06
2022-04-08  9.130571e-07  3.068856  1.478102  9.167414e-06
2022-04-09  8.834361e-07  2.947636  1.449950  9.278693e-06
2022-04-10  9.040688e-07  2.971684  1.449719  9.680614e-06
2022-04-11  8.364835e-07  2.796723  1.426083  8.817464e-06
2022-04-12  7.815053e-07  2.404319  1.374489  8.070328e-06
2022-04-13  8.080796e-07  2.127187  1.388633  8.273411e-06
2022-04-14  8.417744e-07  2.210223  1.416579  8.282103e-06
2022-04-15  7.829788e-07  2.250304  1.374899  7.964385e-06
2022-04-16  8.040773e-07  2.144917  1.396258  8.048226e-06
2022-04-17  7.964115e-07  2.209897  1.363483  7.975086e-06
2022-04-18  7.595457e-07  2.029715  1.386328  7.507678e-06
2022-04-19  7.783705e-07  2.210399  1.404960  7.710384e-06
2022-04-20  1.128606e-06  2.221798  1.422058  7.753411e-06
2022-04-21  9.910648e-07  2.152094  1.410846  7.547273e-06
2022-04-22  9.757229e-07  2.151893  1.425952  7.367601e-06
2022-04-23  1.021565e-06  2.134773  1.374451  7.204333e-06
2022-04-24  1.011649e-06  2.121923  1.345963  6.943580e-06
2022-04-25  1.113263e-06  2.096188  1.319272  6.618162e-06
2022-04-26  1.072638e-06  2.192445  1.319168  6.588255e-06
2022-04-27  1.007471e-06  2.051359  1.222217  5.968675e-06
2022-04-28  9.781190e-07  2.085488  1.222339  6.002720e-06
2022-04-29  1.009646e-06  2.129082  1.173592  5.715052e-06
2022-04-30  9.296980e-07  2.061554  1.063158  5.143752e-06
2022-05-01  8.954497e-07  2.050098  1.082101  4.958192e-06
2022-05-02  8.870752e-07  2.085901  1.076369  5.092243e-06
2022-05-03  8.970354e-07  2.139143  1.098732  5.138235e-06
2022-05-04  9.003789e-07  2.071650  1.114094  5.154737e-06
2022-05-05  9.431225e-07  2.208501  1.155546  5.286090e-06
2022-05-06  8.737905e-07  2.036721  1.059612  4.666597e-06
2022-05-07  8.318995e-07  1.996930  1.037747  4.531165e-06
2022-05-08  7.994906e-07  2.019379  1.016924  4.437582e-06
2022-05-09  7.362592e-07  1.814107  0.928367  3.849530e-06
2022-05-10  6.729009e-07  1.524984  0.868799  3.460274e-06
2022-05-11  5.366639e-07  1.103162  0.713532  2.416991e-06
2022-05-12  4.533572e-07  0.964606  0.597516  1.921123e-06
2022-05-13  5.273358e-07  0.785774  0.662221  2.251482e-06
2022-05-14  4.837944e-07  0.740199  0.667401  2.041840e-06
2022-05-15  5.368769e-07  0.902500  0.709794  2.560235e-06
2022-05-16  5.237972e-07  0.886632  0.707355  2.618512e-06
2022-05-17  5.096328e-07  0.830444  0.715390  2.913338e-06
2022-05-18  4.992710e-07  0.800950  0.664548  2.789477e-06
2022-05-19  4.713004e-07  0.786203  0.627770  2.613980e-06
2022-05-20  4.960515e-07  0.810542  0.660235  2.745321e-06
2022-05-21  5.002648e-07  0.718252  0.644820  2.756048e-06
2022-05-22  4.945975e-07  0.736589  0.659368  2.883531e-06
2022-05-23  5.041910e-07  0.768109  0.667559  2.732983e-06
2022-05-24  4.823926e-07  0.760105  0.649779  2.595073e-06
2022-05-25  4.743207e-07  0.753099  0.649138  2.469306e-06
2022-05-26  4.434691e-07  0.665685  0.606836  2.264212e-06
2022-05-27  4.502525e-07  0.558029  0.588359  1.988127e-06
2022-05-28  4.397332e-07  0.525402  0.579295  2.002847e-06
2022-05-29  4.467987e-07  0.546513  0.590790  2.026616e-06
2022-05-30  4.690202e-07  0.746699  0.611238  2.077844e-06
2022-05-31  4.878802e-07  0.830047  0.660614  2.132752e-06
2022-06-01  4.751349e-07  0.765009  0.643683  2.093211e-06
2022-06-02  4.428995e-07  0.801585  0.606366  1.922512e-06
2022-06-03  4.469431e-07  0.831942  0.605055  1.913780e-06
2022-06-04  4.376356e-07  0.801979  0.593475  1.870387e-06
2022-06-05  4.411320e-07  0.747643  0.596957  1.765071e-06
2022-06-06  4.344554e-07  0.656859  0.602861  1.732544e-06
2022-06-07  4.419458e-07  0.678127  0.620405  1.719393e-06
2022-06-08  4.449512e-07  0.691240  0.627694  1.661521e-06
2022-06-09  4.222825e-07  0.630702  0.635424  1.542427e-06
2022-06-10  4.039243e-07  0.406131  0.615233  1.230654e-06
2022-06-11  3.670400e-07  0.400812  0.552271  1.197134e-06
2022-06-12  3.479003e-07  0.391884  0.532095  1.193933e-06
2022-06-13  3.214481e-07  0.337044  0.508635  1.084532e-06
2022-06-14  2.800625e-07  0.703610  0.421714  9.600196e-07
2022-06-15  2.840654e-07  0.598389  0.430123  1.023647e-06
2022-06-16  2.905080e-07  0.649599  0.421918  1.029697e-06
2022-06-17  2.752209e-07  0.596376  0.399486  9.641793e-07
2022-06-18  2.577286e-07  0.610820  0.372847  9.360301e-07
2022-06-19  2.374450e-07  0.618607  0.354911  8.908853e-07
2022-06-20  2.593483e-07  1.188147  0.398208  9.962067e-07
2022-06-21  2.624227e-07  1.087090  0.417015  1.018752e-06
2022-06-22  2.587765e-07  0.974360  0.474576  1.000343e-06
2022-06-23  2.582963e-07  0.990722  0.532608  9.690102e-07
2022-06-24  3.586205e-07  1.042654  0.609000  1.040273e-06
2022-06-25  3.985046e-07  0.984567  0.593943  1.104563e-06
2022-06-26  3.731030e-07  0.812220  0.576735  1.368547e-06
2022-06-27  3.591870e-07  0.763577  0.539850  1.241528e-06
2022-06-28  3.338327e-07  0.716909  0.522641  1.271317e-06
2022-06-29  3.236441e-07  0.780717  0.499483  1.154892e-06
2022-06-30  3.295826e-07  0.645460  0.485266  1.130717e-06
2022-07-01  3.133419e-07  0.629537  0.469504  1.180491e-06
2022-07-02  3.138579e-07  0.727152  0.498313  1.107716e-06
2022-07-03  3.094593e-07  0.902334  0.460126  1.104022e-06
2022-07-04  3.111949e-07  1.030042  0.469860  1.082956e-06
2022-07-05  3.107564e-07  0.905063  0.512706  1.135686e-06
2022-07-06  3.227966e-07  0.812214  0.515666  1.156837e-06
2022-07-07  3.147064e-07  0.690044  0.534158  1.245178e-06
2022-07-08  3.366309e-07  0.794039  0.605935  1.260941e-06
2022-07-09  3.402383e-07  0.972550  0.596734  1.310957e-06
2022-07-10  3.326393e-07  0.826920  0.591064  1.297232e-06
2022-07-11  3.155599e-07  0.739875  0.588546  1.242179e-06
2022-07-12  2.967923e-07  0.735110  0.560223  1.202571e-06
2022-07-13  2.955329e-07  0.738580  0.610338  1.136533e-06
2022-07-14  3.039716e-07  0.737578  0.692713  1.245134e-06
2022-07-15  3.112920e-07  0.764260  0.696145  1.289699e-06
2022-07-16  3.173396e-07  0.795088  0.713165  1.324879e-06
2022-07-17  3.236274e-07  0.811261  0.767925  1.449401e-06
2022-07-18  3.190244e-07  0.764181  0.892944  1.976149e-06
2022-07-19  3.403896e-07  0.744072  0.886922  1.923025e-06
2022-07-20  3.614056e-07  0.801754  0.837791  1.826732e-06
2022-07-21  3.719687e-07  0.889336  0.914117  1.930330e-06
2022-07-22  3.567167e-07  0.903890  0.870931  1.921903e-06
2022-07-23  3.603585e-07  0.914788  0.886054  1.927378e-06
2022-07-24  3.551484e-07  0.902200  0.878555  2.041470e-06
2022-07-25  3.483854e-07  0.955876  0.823212  1.975821e-06
2022-07-26  3.222685e-07  0.921641  0.782347  1.793659e-06
2022-07-27  3.340469e-07  1.045256  0.827995  2.010373e-06
2022-07-28  3.540022e-07  1.091095  0.899881  2.189789e-06
2022-07-29  3.641852e-07  1.172859  0.941369  2.422379e-06
2022-07-30  3.595337e-07  1.080500  0.937869  2.625210e-06
2022-07-31  3.597134e-07  1.114212  0.941099  2.658471e-06
2022-08-01  3.427384e-07  1.317417  0.897735  2.574505e-06
2018-10-11           NaN  0.050710       NaN           NaN
2018-10-12           NaN  0.045609       NaN           NaN
2018-10-13           NaN  0.059793       NaN           NaN
2018-10-14           NaN  0.063529       NaN           NaN
2018-10-15           NaN  0.055884       NaN           NaN
2018-10-16           NaN  0.054591       NaN           NaN
2018-10-17           NaN  0.051894       NaN           NaN
2018-10-18           NaN  0.048542       NaN           NaN
2018-10-19           NaN  0.047144       NaN           NaN
2018-10-20           NaN  0.048041       NaN           NaN
2018-10-21           NaN  0.049986       NaN           NaN
2018-10-22           NaN  0.046199       NaN           NaN
2018-10-23           NaN  0.049393       NaN           NaN
2018-10-24           NaN  0.046764       NaN           NaN
2018-10-25           NaN  0.052251       NaN           NaN
2018-10-26           NaN  0.047495       NaN           NaN
2018-10-27           NaN  0.045920       NaN           NaN
2018-10-28           NaN  0.048338       NaN           NaN
2018-10-29           NaN  0.047818       NaN           NaN
2018-10-30           NaN  0.042952       NaN           NaN
2018-10-31           NaN  0.046859       NaN           NaN
2018-11-01           NaN  0.045926       NaN           NaN
2018-11-02           NaN  0.045912       NaN           NaN
2018-11-03           NaN  0.051986       NaN           NaN
2018-11-04           NaN  0.050799       NaN           NaN
2018-11-05           NaN  0.048649       NaN           NaN
2018-11-06           NaN  0.052596       NaN           NaN
2018-11-07           NaN  0.058386       NaN           NaN
2018-11-08           NaN  0.056364       NaN           NaN
2018-11-09           NaN  0.056219       NaN           NaN
2018-11-10           NaN  0.057325       NaN           NaN
2018-11-11           NaN  0.057417       NaN           NaN
2018-11-12           NaN  0.058016       NaN           NaN
2018-11-13           NaN  0.051418       NaN           NaN
2018-11-14           NaN  0.055107       NaN           NaN
2018-11-15           NaN  0.046515       NaN           NaN
2018-11-16           NaN  0.043964       NaN           NaN
2018-11-17           NaN  0.043603       NaN           NaN
2018-11-18           NaN  0.043065       NaN           NaN
2018-11-19           NaN  0.043602       NaN           NaN
2018-11-20           NaN  0.035834       NaN           NaN
2018-11-21           NaN  0.032199       NaN           NaN
2018-11-22           NaN  0.038301       NaN           NaN
2018-11-23           NaN  0.032438       NaN           NaN
2018-11-24           NaN  0.035583       NaN           NaN
2018-11-25           NaN  0.030132       NaN           NaN
2018-11-26           NaN  0.033545       NaN           NaN
2018-11-27           NaN  0.031373       NaN           NaN
2018-11-28           NaN  0.032763       NaN           NaN
2018-11-29           NaN  0.033469       NaN           NaN
2018-11-30           NaN  0.036275       NaN           NaN
2018-12-01           NaN  0.034142       NaN           NaN
2018-12-02           NaN  0.036579       NaN           NaN
2018-12-03           NaN  0.036089       NaN           NaN
2018-12-04           NaN  0.032232       NaN           NaN
2018-12-05           NaN  0.031661       NaN           NaN
2018-12-06           NaN  0.027941       NaN           NaN
2018-12-07           NaN  0.029170       NaN           NaN
2018-12-08           NaN  0.027909       NaN           NaN
2018-12-09           NaN  0.025438       NaN           NaN
2018-12-10           NaN  0.029164       NaN           NaN
2018-12-11           NaN  0.029517       NaN           NaN
2018-12-12           NaN  0.027558       NaN           NaN
2018-12-13           NaN  0.029578       NaN           NaN
2018-12-14           NaN  0.032521       NaN           NaN
2018-12-15           NaN  0.028886       NaN           NaN
2018-12-16           NaN  0.029846       NaN           NaN
2018-12-17           NaN  0.029014       NaN           NaN
2018-12-18           NaN  0.033130       NaN           NaN
2018-12-19           NaN  0.033788       NaN           NaN
2018-12-20           NaN  0.035626       NaN           NaN
2018-12-21           NaN  0.035580       NaN           NaN
2018-12-22           NaN  0.037669       NaN           NaN
2018-12-23           NaN  0.044276       NaN           NaN
2018-12-24           NaN  0.045256       NaN           NaN
2018-12-25           NaN  0.042055       NaN           NaN
2018-12-26           NaN  0.038524       NaN           NaN
2018-12-27           NaN  0.039691       NaN           NaN
2018-12-28           NaN  0.037773       NaN           NaN
2018-12-29           NaN  0.041303       NaN           NaN
2018-12-30           NaN  0.039373       NaN           NaN
2018-12-31           NaN  0.033012       NaN           NaN
2019-01-01           NaN  0.035756       NaN           NaN
2019-01-02           NaN  0.036950       NaN           NaN
2019-01-03           NaN  0.042257       NaN           NaN
2019-01-04           NaN  0.039647       NaN           NaN
2019-01-05           NaN  0.040962       NaN           NaN
2019-01-06           NaN  0.041749       NaN           NaN
2019-01-07           NaN  0.041456       NaN           NaN
2019-01-08           NaN  0.036747       NaN           NaN
2019-01-09           NaN  0.038234       NaN           NaN
2019-01-10           NaN  0.037535       NaN           NaN
2019-01-11           NaN  0.033649       NaN           NaN
2019-01-12           NaN  0.030242       NaN           NaN
2019-01-13           NaN  0.029174       NaN           NaN
2019-01-14           NaN  0.033556       NaN           NaN
2019-01-15           NaN  0.033077       NaN           NaN
2019-01-16           NaN  0.032740       NaN           NaN
2019-01-17           NaN  0.030534       NaN           NaN
2019-01-18           NaN  0.034648       NaN           NaN
2019-01-19           NaN  0.032048       NaN           NaN
2019-01-20           NaN  0.034904       NaN           NaN
2019-01-21           NaN  0.033990       NaN           NaN
2019-01-22           NaN  0.037765       NaN           NaN
2019-01-23           NaN  0.032962       NaN           NaN
2019-01-24           NaN  0.031330       NaN           NaN
2019-01-25           NaN  0.035599       NaN           NaN
2019-01-26           NaN  0.058778       NaN           NaN
2019-01-27           NaN  0.033815       NaN           NaN
2019-01-28           NaN  0.029822       NaN           NaN
2019-01-29           NaN  0.032840       NaN           NaN
2019-01-30           NaN  0.030798       NaN           NaN
2019-01-31           NaN  0.030531       NaN           NaN
2019-02-01           NaN  0.031183       NaN           NaN
2019-02-02           NaN  0.034479       NaN           NaN
2019-02-03           NaN  0.035148       NaN           NaN
2019-02-04           NaN  0.034895       NaN           NaN
2019-02-05           NaN  0.036572       NaN           NaN
2019-02-06           NaN  0.034407       NaN           NaN
2019-02-07           NaN  0.032698       NaN           NaN
2019-02-08           NaN  0.037447       NaN           NaN
2019-02-09           NaN  0.036479       NaN           NaN
2019-02-10           NaN  0.037984       NaN           NaN
2019-02-11           NaN  0.031475       NaN           NaN
2019-02-12           NaN  0.035485       NaN           NaN
2019-02-13           NaN  0.039298       NaN           NaN
2019-02-14           NaN  0.038671       NaN           NaN
2019-02-15           NaN  0.035265       NaN           NaN
2019-02-16           NaN  0.037338       NaN           NaN
2019-02-17           NaN  0.041685       NaN           NaN
2019-02-18           NaN  0.041107       NaN           NaN
2019-02-19           NaN  0.044423       NaN           NaN
2019-02-20           NaN  0.046883       NaN           NaN
2019-02-21           NaN  0.046517       NaN           NaN
2019-02-22           NaN  0.044306       NaN           NaN
2019-02-23           NaN  0.045645       NaN           NaN
2019-02-24           NaN  0.044778       NaN           NaN
2019-02-25           NaN  0.038586       NaN           NaN
2019-02-26           NaN  0.040092       NaN           NaN
2019-02-27           NaN  0.039050       NaN           NaN
2019-02-28           NaN  0.037606       NaN           NaN
2019-03-01           NaN  0.037147       NaN           NaN
2019-03-02           NaN  0.037840       NaN           NaN
2019-03-03           NaN  0.035850       NaN           NaN
2019-03-04           NaN  0.037374       NaN           NaN
2019-03-05           NaN  0.034557       NaN           NaN
2019-03-06           NaN  0.034881       NaN           NaN
2019-03-07           NaN  0.036303       NaN           NaN
2019-03-08           NaN  0.034101       NaN           NaN
2019-03-09           NaN  0.039052       NaN           NaN
2019-03-10           NaN  0.040676       NaN           NaN
2019-03-11           NaN  0.039621       NaN           NaN
2019-03-12           NaN  0.039573       NaN           NaN
2019-03-13           NaN  0.039354       NaN           NaN
2019-03-14           NaN  0.037650       NaN           NaN
2019-03-15           NaN  0.043633       NaN           NaN
2019-03-16           NaN  0.044488       NaN           NaN
2019-03-17           NaN  0.042507       NaN           NaN
2019-03-18           NaN  0.043980       NaN           NaN
2019-03-19           NaN  0.051658       NaN           NaN
2019-03-20           NaN  0.054294       NaN           NaN
2019-03-21           NaN  0.071364       NaN           NaN
2019-03-22           NaN  0.066249       NaN           NaN
2019-03-23           NaN  0.067441       NaN           NaN
2019-03-24           NaN  0.072278       NaN           NaN
2019-03-25           NaN  0.058830       NaN           NaN
2019-03-26           NaN  0.062446       NaN           NaN
2019-03-27           NaN  0.058942       NaN           NaN
2019-03-28           NaN  0.056348       NaN           NaN
2019-03-29           NaN  0.049331       NaN           NaN
2019-03-30           NaN  0.052611       NaN           NaN
2019-03-31           NaN  0.046893       NaN           NaN
2019-04-01           NaN  0.046092       NaN           NaN
2019-04-02           NaN  0.045855       NaN           NaN
2019-04-03           NaN  0.060672       NaN           NaN
2019-04-04           NaN  0.060224       NaN           NaN
2019-04-05           NaN  0.059708       NaN           NaN
2019-04-06           NaN  0.055215       NaN           NaN
2019-04-07           NaN  0.067402       NaN           NaN
2019-04-08           NaN  0.071526       NaN           NaN
2019-04-09           NaN  0.079696       NaN           NaN
2019-04-10           NaN  0.080280       NaN           NaN
2019-04-11           NaN  0.073449       NaN           NaN
2019-04-12           NaN  0.067096       NaN           NaN
2019-04-13           NaN  0.081362       NaN           NaN
2019-04-14           NaN  0.076239       NaN           NaN
2019-04-15           NaN  0.073761       NaN           NaN
2019-04-16           NaN  0.078536       NaN           NaN
2019-04-17           NaN  0.076428       NaN           NaN
2019-04-18           NaN  0.075412       NaN           NaN
2019-04-19           NaN  0.076393       NaN           NaN
2019-04-20           NaN  0.076226       NaN           NaN
2019-04-21           NaN  0.081613       NaN           NaN
2019-04-22           NaN  0.073753       NaN           NaN
2019-04-23           NaN  0.072993       NaN           NaN
2019-04-24           NaN  0.080341       NaN           NaN
2019-04-25           NaN  0.077024       NaN           NaN
2019-04-26           NaN  0.085032  0.005402           NaN
2019-04-27           NaN  0.088842  0.005239           NaN
2019-04-28           NaN  0.090251  0.004375           NaN
2019-04-29           NaN  0.092631  0.003562           NaN
2019-04-30           NaN  0.094803  0.004314           NaN
2019-05-01           NaN  0.092727  0.004275           NaN
2019-05-02           NaN  0.091779  0.004113           NaN
2019-05-03           NaN  0.099277  0.004021           NaN
2019-05-04           NaN  0.104201  0.003889           NaN
2019-05-05           NaN  0.102788  0.003760           NaN
2019-05-06           NaN  0.108295  0.003791           NaN
2019-05-07           NaN  0.102456  0.003398           NaN
2019-05-08           NaN  0.101405  0.003230           NaN
2019-05-09           NaN  0.094427  0.003034           NaN
2019-05-10           NaN  0.081724  0.003643           NaN
2019-05-11           NaN  0.079760  0.004068           NaN
2019-05-12           NaN  0.088090  0.005443           NaN
2019-05-13           NaN  0.097754  0.007803           NaN
2019-05-14           NaN  0.111273  0.007537           NaN
2019-05-15           NaN  0.112874  0.009342           NaN
2019-05-16           NaN  0.123183  0.011317           NaN
2019-05-17           NaN  0.108978  0.015524           NaN
2019-05-18           NaN  0.100412  0.012444           NaN
2019-05-19           NaN  0.103622  0.017999           NaN
2019-05-20           NaN  0.119045  0.031017           NaN
2019-05-21           NaN  0.105196  0.028984           NaN
2019-05-22           NaN  0.102527  0.022539           NaN
2019-05-23           NaN  0.095342  0.025963           NaN
2019-05-24           NaN  0.102186  0.025241           NaN
2019-05-25           NaN  0.102078  0.024827           NaN
2019-05-26           NaN  0.104160  0.022624           NaN
2019-05-27           NaN  0.102981  0.021860           NaN
2019-05-28           NaN  0.106309  0.023996           NaN
2019-05-29           NaN  0.104154  0.022322           NaN
2019-05-30           NaN  0.100867  0.020543           NaN
2019-05-31           NaN  0.096189  0.022293           NaN
2019-06-01           NaN  0.095426  0.021446           NaN
2019-06-02           NaN  0.092263  0.019718           NaN
2019-06-03           NaN  0.103557  0.021183           NaN
2019-06-04           NaN  0.089542  0.022408           NaN
2019-06-05           NaN  0.081053  0.022579           NaN
2019-06-06           NaN  0.078946  0.023367           NaN
2019-06-07           NaN  0.092668  0.023761           NaN
2019-06-08           NaN  0.087568  0.026585           NaN
2019-06-09           NaN  0.076102  0.026745           NaN
2019-06-10           NaN  0.090956  0.026242           NaN
2019-06-11           NaN  0.103981  0.024102           NaN
2019-06-12           NaN  0.103162  0.023038           NaN
2019-06-13           NaN  0.116397  0.022979           NaN
2019-06-14           NaN  0.092605  0.020029           NaN
2019-06-15           NaN  0.100575  0.022182           NaN
2019-06-16           NaN  0.098271  0.022740           NaN
2019-06-17           NaN  0.090514  0.020921           NaN
2019-06-18           NaN  0.083142  0.022959           NaN
2019-06-19           NaN  0.080135  0.022612           NaN
2019-06-20           NaN  0.077525  0.021944           NaN
2019-06-21           NaN  0.076477  0.019998           NaN
2019-06-22           NaN  0.069735  0.020645           NaN
2019-06-23           NaN  0.074321  0.020825           NaN
2019-06-24           NaN  0.069858  0.020351           NaN
2019-06-25           NaN  0.074708  0.017919           NaN
2019-06-26           NaN  0.075648  0.016196           NaN
2019-06-27           NaN  0.070256  0.022575           NaN
2019-06-28           NaN  0.058384  0.017421           NaN
2019-06-29           NaN  0.069206  0.024661           NaN
2019-06-30           NaN  0.064977  0.024372           NaN
2019-07-01           NaN  0.064167  0.022940           NaN
2019-07-02           NaN  0.063501  0.021256           NaN
2019-07-03           NaN  0.064616  0.017446           NaN
2019-07-04           NaN  0.068761  0.019316           NaN
2019-07-05           NaN  0.068607  0.018799           NaN
2019-07-06           NaN  0.069682  0.017263           NaN
2019-07-07           NaN  0.075132  0.017459           NaN
2019-07-08           NaN  0.070701  0.015553           NaN
2019-07-09           NaN  0.072717  0.015815           NaN
2019-07-10           NaN  0.077553  0.016769           NaN
2019-07-11           NaN  0.074235  0.015467           NaN
2019-07-12           NaN  0.068671  0.015204           NaN
2019-07-13           NaN  0.068382  0.017226           NaN
2019-07-14           NaN  0.065908  0.016013           NaN
2019-07-15           NaN  0.055352  0.013051           NaN
2019-07-16           NaN  0.059112  0.013890           NaN
2019-07-17           NaN  0.054494  0.013014           NaN
2019-07-18           NaN  0.056008  0.012359           NaN
2019-07-19           NaN  0.061275  0.013569           NaN
2019-07-20           NaN  0.062860  0.013767           NaN
2019-07-21           NaN  0.063692  0.013656           NaN
2019-07-22           NaN  0.063358  0.013089           NaN
2019-07-23           NaN  0.057080  0.012071           NaN
2019-07-24           NaN  0.061213  0.012117           NaN
2019-07-25           NaN  0.060168  0.012070           NaN
2019-07-26           NaN  0.060458  0.012794           NaN
2019-07-27           NaN  0.059186  0.012426           NaN
2019-07-28           NaN  0.056984  0.011653           NaN
2019-07-29           NaN  0.051607  0.011464           NaN
2019-07-30           NaN  0.051137  0.011417           NaN
2019-07-31           NaN  0.052150  0.010779           NaN
2019-08-01           NaN  0.053788  0.010312           NaN
2019-08-02           NaN  0.056073  0.010917           NaN
2019-08-03           NaN  0.053716  0.010377           NaN
2019-08-04           NaN  0.054017  0.010078           NaN
2019-08-05           NaN  0.049418  0.010859           NaN
2019-08-06           NaN  0.056715  0.015775           NaN
2019-08-07           NaN  0.057799  0.016247           NaN
2019-08-08           NaN  0.061807  0.014272           NaN
2019-08-09           NaN  0.059652  0.012433           NaN
2019-08-10           NaN  0.061696  0.015623           NaN
2019-08-11           NaN  0.064859  0.016155           NaN
2019-08-12           NaN  0.063160  0.017349           NaN
2019-08-13           NaN  0.074067  0.017247           NaN
2019-08-14           NaN  0.072355  0.016106           NaN
2019-08-15           NaN  0.064256  0.014200           NaN
2019-08-16           NaN  0.064335  0.013275           NaN
2019-08-17           NaN  0.071928  0.014241           NaN
2019-08-18           NaN  0.069854  0.013753           NaN
2019-08-19           NaN  0.068845  0.014637           NaN
2019-08-20           NaN  0.074636  0.015943           NaN
2019-08-21           NaN  0.081754  0.016369           NaN
2019-08-22           NaN  0.078881  0.016878           NaN
2019-08-23           NaN  0.075893  0.015073           NaN
2019-08-24           NaN  0.080830  0.015204           NaN
2019-08-25           NaN  0.073898  0.013696           NaN
2019-08-26           NaN  0.069108  0.013527           NaN
2019-08-27           NaN  0.072573  0.014432           NaN
2019-08-28           NaN  0.069635  0.013473           NaN
2019-08-29           NaN  0.063813  0.012011           NaN
2019-08-30           NaN  0.056635  0.012234           NaN
2019-08-31           NaN  0.060017  0.011784           NaN
2019-09-01           NaN  0.057886  0.012044           NaN
2019-09-02           NaN  0.056761  0.012804           NaN
2019-09-03           NaN  0.057166  0.013921           NaN
2019-09-04           NaN  0.057793  0.014188           NaN
2019-09-05           NaN  0.059644  0.014831           NaN
2019-09-06           NaN  0.058695  0.013923           NaN
2019-09-07           NaN  0.058192  0.013576           NaN
2019-09-08           NaN  0.057702  0.013929           NaN
2019-09-09           NaN  0.061140  0.014235           NaN
2019-09-10           NaN  0.061816  0.013794           NaN
2019-09-11           NaN  0.059249  0.013092           NaN
2019-09-12           NaN  0.059707  0.012581           NaN
2019-09-13           NaN  0.061321  0.012991           NaN
2019-09-14           NaN  0.065397  0.013106           NaN
2019-09-15           NaN  0.066378  0.012880           NaN
2019-09-16           NaN  0.066629  0.012960           NaN
2019-09-17           NaN  0.072137  0.013553           NaN
2019-09-18           NaN  0.066481  0.014350           NaN
2019-09-19           NaN  0.067116  0.013604           NaN
2019-09-20           NaN  0.070383  0.013737           NaN
2019-09-21           NaN  0.066912  0.013613           NaN
2019-09-22           NaN  0.069678  0.012272           NaN
2019-09-23           NaN  0.070562  0.012758           NaN
2019-09-24           NaN  0.061699  0.012600           NaN
2019-09-25           NaN  0.063556  0.011355           NaN
2019-09-26           NaN  0.061489  0.011110           NaN
2019-09-27           NaN  0.059515  0.010723           NaN
2019-09-28           NaN  0.061775  0.011135           NaN
2019-09-29           NaN  0.060903  0.011126           NaN
2019-09-30           NaN  0.056411  0.010542           NaN
2019-10-01           NaN  0.060412  0.010726           NaN
2019-10-02           NaN  0.061107  0.010850           NaN
2019-10-03           NaN  0.059270  0.010907           NaN
2019-10-04           NaN  0.058036  0.010677           NaN
2019-10-05           NaN  0.061885  0.010668           NaN
2019-10-06           NaN  0.059694  0.010662           NaN
2019-10-07           NaN  0.056657  0.010499           NaN
2019-10-08           NaN  0.059427  0.012355           NaN
2019-10-09           NaN  0.062613  0.013687           NaN
2019-10-10           NaN  0.064718  0.016179           NaN
2019-10-11           NaN  0.064151  0.016635           NaN
2019-10-12           NaN  0.061896  0.015518           NaN
2019-10-13           NaN  0.062240  0.015018           NaN
2019-10-14           NaN  0.061280  0.015147           NaN
2019-10-15           NaN  0.059928  0.014672           NaN
2019-10-16           NaN  0.058387  0.014215           NaN
2019-10-17           NaN  0.057657  0.014157           NaN
2019-10-18           NaN  0.057654  0.013559           NaN
2019-10-19           NaN  0.056631  0.013855           NaN
2019-10-20           NaN  0.056863  0.013392           NaN
2019-10-21           NaN  0.057582  0.014883           NaN
2019-10-22           NaN  0.055520  0.014837           NaN
2019-10-23           NaN  0.055375  0.014292           NaN
2019-10-24           NaN  0.051267  0.013579           NaN
2019-10-25           NaN  0.048702  0.012316           NaN
2019-10-26           NaN  0.053152  0.012671           NaN
2019-10-27           NaN  0.051293  0.013582           NaN
2019-10-28           NaN  0.053619  0.014502           NaN
2019-10-29           NaN  0.052468  0.013805           NaN
2019-10-30           NaN  0.052521  0.013770           NaN
2019-10-31           NaN  0.051649  0.013592           NaN
2019-11-01           NaN  0.048588  0.013638           NaN
2019-11-02           NaN  0.048919  0.013463           NaN
2019-11-03           NaN  0.046310  0.013646           NaN
2019-11-04           NaN  0.045342  0.014002           NaN
2019-11-05           NaN  0.048207  0.014794           NaN
2019-11-06           NaN  0.051245  0.014385           NaN
2019-11-07           NaN  0.050722  0.015290           NaN
2019-11-08           NaN  0.050284  0.015102           NaN
2019-11-09           NaN  0.049367  0.014878           NaN
2019-11-10           NaN  0.049707  0.015291           NaN
2019-11-11           NaN  0.049980  0.015944           NaN
2019-11-12           NaN  0.049123  0.014765           NaN
2019-11-13           NaN  0.049205  0.014995           NaN
2019-11-14           NaN  0.048137  0.014631           NaN
2019-11-15           NaN  0.047787  0.014121           NaN
2019-11-16           NaN  0.046944  0.014357           NaN
2019-11-17           NaN  0.046726  0.014289           NaN
2019-11-18           NaN  0.046962  0.014542           NaN
2019-11-19           NaN  0.042975  0.014984           NaN
2019-11-20           NaN  0.041609  0.014399           NaN
2019-11-21           NaN  0.042711  0.015126           NaN
2019-11-22           NaN  0.040620  0.014702           NaN
2019-11-23           NaN  0.038054  0.016641           NaN
2019-11-24           NaN  0.037950  0.015993           NaN
2019-11-25           NaN  0.034873  0.019659           NaN
2019-11-26           NaN  0.041954  0.020660           NaN
2019-11-27           NaN  0.047383  0.023296           NaN
2019-11-28           NaN  0.052480  0.022905           NaN
2019-11-29           NaN  0.055866  0.023560           NaN
2019-11-30           NaN  0.068739  0.029336           NaN
2019-12-01           NaN  0.074853  0.026983           NaN
2019-12-02           NaN  0.081625  0.026715           NaN
2019-12-03           NaN  0.084357  0.029340           NaN
2019-12-04           NaN  0.070089  0.032296           NaN
2019-12-05           NaN  0.076575  0.032286           NaN
2019-12-06           NaN  0.072299  0.040411           NaN
2019-12-07           NaN  0.079501  0.039084           NaN
2019-12-08           NaN  0.075802  0.041300           NaN
2019-12-09           NaN  0.074575  0.034767           NaN
2019-12-10           NaN  0.070299  0.017607           NaN
2019-12-11           NaN  0.068188  0.017936           NaN
2019-12-12           NaN  0.071703  0.015739           NaN
2019-12-13           NaN  0.071160  0.015884           NaN
2019-12-14           NaN  0.072106  0.013978           NaN
2019-12-15           NaN  0.075806  0.014160           NaN
2019-12-16           NaN  0.072645  0.013626           NaN
2019-12-17           NaN  0.062391  0.012577           NaN
2019-12-18           NaN  0.066706  0.011539           NaN
2019-12-19           NaN  0.081705  0.013339           NaN
2019-12-20           NaN  0.082040  0.015375           NaN
2019-12-21           NaN  0.083416  0.018128           NaN
2019-12-22           NaN  0.095587  0.015409           NaN
2019-12-23           NaN  0.098477  0.015351           NaN
2019-12-24           NaN  0.110806  0.016352           NaN
2019-12-25           NaN  0.109199  0.015767           NaN
2019-12-26           NaN  0.112268  0.015574           NaN
2019-12-27           NaN  0.129740  0.015168           NaN
2019-12-28           NaN  0.154859  0.014835           NaN
2019-12-29           NaN  0.147959  0.014576           NaN
2019-12-30           NaN  0.151247  0.014580           NaN
2019-12-31           NaN  0.137408  0.013850           NaN
2020-01-01           NaN  0.149598  0.014921           NaN
2020-01-02           NaN  0.149649  0.015133           NaN
2020-01-03           NaN  0.137017  0.014393           NaN
2020-01-04           NaN  0.145308  0.014743           NaN
2020-01-05           NaN  0.149326  0.014816           NaN
2020-01-06           NaN  0.131944  0.014717           NaN
2020-01-07           NaN  0.140041  0.014282           NaN
2020-01-08           NaN  0.147071  0.015150           NaN
2020-01-09           NaN  0.143733  0.014990           NaN
2020-01-10           NaN  0.139362  0.014292           NaN
2020-01-11           NaN  0.136179  0.015097           NaN
2020-01-12           NaN  0.130389  0.014690           NaN
2020-01-13           NaN  0.142141  0.015594           NaN
2020-01-14           NaN  0.141459  0.014404           NaN
2020-01-15           NaN  0.144207  0.016286           NaN
2020-01-16           NaN  0.144199  0.016241           NaN
2020-01-17           NaN  0.127436  0.018363           NaN
2020-01-18           NaN  0.137649  0.017428           NaN
2020-01-19           NaN  0.138291  0.016776           NaN
2020-01-20           NaN  0.125060  0.016967           NaN
2020-01-21           NaN  0.130784  0.016932           NaN
2020-01-22           NaN  0.136188  0.017201           NaN
2020-01-23           NaN  0.132657  0.016472           NaN
2020-01-24           NaN  0.131965  0.016153           NaN
2020-01-25           NaN  0.133591  0.016215           NaN
2020-01-26           NaN  0.137930  0.015985           NaN
2020-01-27           NaN  0.141478  0.016302           NaN
2020-01-28           NaN  0.150537  0.016284           NaN
2020-01-29           NaN  0.150842  0.017061           NaN
2020-01-30           NaN  0.151763  0.018146           NaN
2020-01-31           NaN  0.155359  0.018244           NaN
2020-02-01           NaN  0.159490  0.018183           NaN
2020-02-02           NaN  0.169783  0.019242           NaN
2020-02-03           NaN  0.176286  0.022434           NaN
2020-02-04           NaN  0.178048  0.021368           NaN
2020-02-05           NaN  0.168272  0.020460           NaN
2020-02-06           NaN  0.163876  0.024084           NaN
2020-02-07           NaN  0.159596  0.022975           NaN
2020-02-08           NaN  0.167584  0.020976           NaN
2020-02-09           NaN  0.164538  0.021508           NaN
2020-02-10           NaN  0.171304  0.022239           NaN
2020-02-11           NaN  0.163314  0.022032           NaN
2020-02-12           NaN  0.171489  0.022646           NaN
2020-02-13           NaN  0.171190  0.022466           NaN
2020-02-14           NaN  0.156920  0.022989           NaN
2020-02-15           NaN  0.170377  0.021710           NaN
2020-02-16           NaN  0.157844  0.020068           NaN
2020-02-17           NaN  0.162608  0.020517           NaN
2020-02-18           NaN  0.153631  0.020604           NaN
2020-02-19           NaN  0.144522  0.021046           NaN
2020-02-20           NaN  0.146081  0.020680           NaN
2020-02-21           NaN  0.146630  0.020559           NaN
2020-02-22           NaN  0.147036  0.020781           NaN
2020-02-23           NaN  0.142820  0.021659           NaN
2020-02-24           NaN  0.146950  0.021343           NaN
2020-02-25           NaN  0.143101  0.019849           NaN
2020-02-26           NaN  0.136151  0.019610           NaN
2020-02-27           NaN  0.131480  0.019631           NaN
2020-02-28           NaN  0.132668  0.020378           NaN
2020-02-29           NaN  0.125938  0.020543           NaN
2020-03-01           NaN  0.118281  0.019445           NaN
2020-03-02           NaN  0.120186  0.020500           NaN
2020-03-03           NaN  0.132217  0.023934           NaN
2020-03-04           NaN  0.133835  0.024731           NaN
2020-03-05           NaN  0.121936  0.025397           NaN
2020-03-06           NaN  0.130085  0.024628           NaN
2020-03-07           NaN  0.132180  0.027590           NaN
2020-03-08           NaN  0.118035  0.023804           NaN
2020-03-09           NaN  0.103950  0.020756           NaN
2020-03-10           NaN  0.099636  0.020635           NaN
2020-03-11           NaN  0.090967  0.018938           NaN
2020-03-12           NaN  0.085109  0.015420           NaN
2020-03-13           NaN  0.070775  0.009990           NaN
2020-03-14           NaN  0.081875  0.010562           NaN
2020-03-15           NaN  0.066888  0.009586           NaN
2020-03-16           NaN  0.066955  0.008753           NaN
2020-03-17           NaN  0.060494  0.008666           NaN
2020-03-18           NaN  0.067574  0.009120           NaN
2020-03-19           NaN  0.072914  0.009741           NaN
2020-03-20           NaN  0.076180  0.010766           NaN
2020-03-21           NaN  0.080394  0.011170           NaN
2020-03-22           NaN  0.075570  0.010602           NaN
2020-03-23           NaN  0.067274  0.010104           NaN
2020-03-24           NaN  0.077871  0.010785           NaN
2020-03-25           NaN  0.081452  0.011532           NaN
2020-03-26           NaN  0.082939  0.011817           NaN
2020-03-27           NaN  0.083461  0.011456           NaN
2020-03-28           NaN  0.078706  0.010917           NaN
2020-03-29           NaN  0.078683  0.010657           NaN
2020-03-30           NaN  0.070635  0.009933           NaN
2020-03-31           NaN  0.074310  0.010970           NaN
2020-04-01           NaN  0.074205  0.010907           NaN
2020-04-02           NaN  0.079393  0.011239           NaN
2020-04-03           NaN  0.080135  0.011673           NaN
2020-04-04           NaN  0.075165  0.011541           NaN
2020-04-05           NaN  0.078623  0.011579           NaN
2020-04-06           NaN  0.074301  0.012487           NaN
2020-04-07           NaN  0.077733  0.013089           NaN
2020-04-08           NaN  0.077222  0.013434           NaN
2020-04-09           NaN  0.076327  0.013605           NaN
2020-04-10           NaN  0.079234  0.012772           NaN
2020-04-11           NaN  0.077708  0.012192           NaN
2020-04-12           NaN  0.080568  0.012149           NaN
2020-04-13           NaN  0.082956  0.012145           NaN
2020-04-14           NaN  0.081514  0.012177           NaN
2020-04-15           NaN  0.089173  0.012051           NaN
2020-04-16           NaN  0.087390  0.011764           NaN
2020-04-17           NaN  0.098432  0.012772           NaN
2020-04-18           NaN  0.099031  0.013027           NaN
2020-04-19           NaN  0.099609  0.013167           NaN
2020-04-20           NaN  0.100058  0.012580           NaN
2020-04-21           NaN  0.093782  0.012029           NaN
2020-04-22           NaN  0.092409  0.012286           NaN
2020-04-23           NaN  0.095131  0.013480           NaN
2020-04-24           NaN  0.104839  0.014452           NaN
2020-04-25           NaN  0.105476  0.014986           NaN
2020-04-26           NaN  0.106498  0.015350           NaN
2020-04-27           NaN  0.106980  0.015246           NaN
2020-04-28           NaN  0.110441  0.015696           NaN
2020-04-29           NaN  0.108266  0.014542           NaN
2020-04-30           NaN  0.114491  0.015659           NaN
2020-05-01           NaN  0.117506  0.015483           NaN
2020-05-02           NaN  0.123086  0.016632           NaN
2020-05-03           NaN  0.117130  0.017256           NaN
2020-05-04           NaN  0.118495  0.016979           NaN
2020-05-05           NaN  0.120440  0.016752           NaN
2020-05-06           NaN  0.121817  0.016776           NaN
2020-05-07           NaN  0.118209  0.015943           NaN
2020-05-08           NaN  0.135239  0.018167           NaN
2020-05-09           NaN  0.133734  0.017753           NaN
2020-05-10           NaN  0.127902  0.016796           NaN
2020-05-11           NaN  0.116940  0.015291           NaN
2020-05-12           NaN  0.108973  0.016551           NaN
2020-05-13           NaN  0.116145  0.018176           NaN
2020-05-14           NaN  0.122376  0.018079           NaN
2020-05-15           NaN  0.126087  0.019082           NaN
2020-05-16           NaN  0.122141  0.019886           NaN
2020-05-17           NaN  0.123723  0.019628           NaN
2020-05-18           NaN  0.138242  0.020490           NaN
2020-05-19           NaN  0.139012  0.022075           NaN
2020-05-20           NaN  0.141031  0.021390           NaN
2020-05-21           NaN  0.141732  0.020213           NaN
2020-05-22           NaN  0.160075  0.019734           NaN
2020-05-23           NaN  0.163609  0.019989           NaN
2020-05-24           NaN  0.181051  0.020389           NaN
2020-05-25           NaN  0.174355  0.020813           NaN
2020-05-26           NaN  0.159460  0.025989           NaN
2020-05-27           NaN  0.176994  0.023456           NaN
2020-05-28           NaN  0.184232  0.024059           NaN
2020-05-29           NaN  0.227734  0.026200           NaN
2020-05-30           NaN  0.259177  0.023366           NaN
2020-05-31           NaN  0.248531  0.020860           NaN
2020-06-01           NaN  0.247214  0.020241           NaN
2020-06-02           NaN  0.265791  0.022388           NaN
2020-06-03           NaN  0.261774  0.021389           NaN
2020-06-04           NaN  0.256669  0.021170           NaN
2020-06-05           NaN  0.260382  0.020911           NaN
2020-06-06           NaN  0.252028  0.020571           NaN
2020-06-07           NaN  0.245236  0.020130           NaN
2020-06-08           NaN  0.231309  0.020194           NaN
2020-06-09           NaN  0.254674  0.020176           NaN
2020-06-10           NaN  0.242237  0.021074           NaN
2020-06-11           NaN  0.260748  0.021066           NaN
2020-06-12           NaN  0.260065  0.020106           NaN
2020-06-13           NaN  0.243758  0.020643           NaN
2020-06-14           NaN  0.228700  0.020813           NaN
2020-06-15           NaN  0.199888  0.020309           NaN
2020-06-16           NaN  0.206558  0.020412           NaN
2020-06-17           NaN  0.208340  0.020890           NaN
2020-06-18           NaN  0.230081  0.020571           NaN
2020-06-19           NaN  0.254622  0.020422           NaN
2020-06-20           NaN  0.271974  0.022465           NaN
2020-06-21           NaN  0.277310  0.021521           NaN
2020-06-22           NaN  0.299836  0.021167           NaN
2020-06-23           NaN  0.298310  0.022776           NaN
2020-06-24           NaN  0.294351  0.023051           NaN
2020-06-25           NaN  0.331220  0.021726           NaN
2020-06-26           NaN  0.371534  0.021084           NaN
2020-06-27           NaN  0.409337  0.019753           NaN
2020-06-28           NaN  0.429048  0.019761           NaN
2020-06-29           NaN  0.456048  0.019553           NaN
2020-06-30           NaN  0.488387  0.019074           NaN
2020-07-01           NaN  0.438563  0.018538           NaN
2020-07-02           NaN  0.446456  0.019174           NaN
2020-07-03           NaN  0.452235  0.019318           NaN
2020-07-04           NaN  0.450355  0.019425           NaN
2020-07-05           NaN  0.418549  0.019194           NaN
2020-07-06           NaN  0.386049  0.019412           NaN
2020-07-07           NaN  0.409172  0.020318           NaN
2020-07-08           NaN  0.391202  0.021189           NaN
2020-07-09           NaN  0.403387  0.021034           NaN
2020-07-10           NaN  0.402088  0.021018           NaN
2020-07-11           NaN  0.398563  0.021530           NaN
2020-07-12           NaN  0.368621  0.021074           NaN
2020-07-13           NaN  0.386230  0.022491           NaN
2020-07-14           NaN  0.379756  0.022341           NaN
2020-07-15           NaN  0.391210  0.022468           NaN
2020-07-16           NaN  0.384460  0.021080           NaN
2020-07-17           NaN  0.404096  0.021162           NaN
2020-07-18           NaN  0.416628  0.021497           NaN
2020-07-19           NaN  0.411604  0.021171           NaN
2020-07-20           NaN  0.403165  0.021699           NaN
2020-07-21           NaN  0.428150  0.020802           NaN
2020-07-22           NaN  0.426399  0.020920           NaN
2020-07-23           NaN  0.430888  0.021002           NaN
2020-07-24           NaN  0.420903  0.020739           NaN
2020-07-25           NaN  0.406266  0.020553           NaN
2020-07-26           NaN  0.400055  0.020288           NaN
2020-07-27           NaN  0.367540  0.017893           NaN
2020-07-28           NaN  0.396580  0.020601           NaN
2020-07-29           NaN  0.394107  0.019927           NaN
2020-07-30           NaN  0.401402  0.020426           NaN
2020-07-31           NaN  0.402719  0.019948           NaN
2020-08-01           NaN  0.441092  0.020154           NaN
2020-08-02           NaN  0.471540  0.021388           NaN
2020-08-03           NaN  0.421179  0.020136           NaN
2020-08-04           NaN  0.425124  0.020729           NaN
2020-08-05           NaN  0.383089  0.020525           NaN
2020-08-06           NaN  0.393305  0.021615           NaN
2020-08-07           NaN  0.392901  0.021689           NaN
2020-08-08           NaN  0.385393  0.022529           NaN
2020-08-09           NaN  0.375528  0.022829           NaN
2020-08-10           NaN  0.374119  0.023917           NaN
2020-08-11           NaN  0.387433  0.023999           NaN
2020-08-12           NaN  0.404229  0.025205           NaN
2020-08-13           NaN  0.410276  0.026724           NaN
2020-08-14           NaN  0.419919  0.028325           NaN
2020-08-15           NaN  0.399715  0.029777           NaN
2020-08-16           NaN  0.393825  0.030025           NaN
2020-08-17           NaN  0.375829  0.028034           NaN
2020-08-18           NaN  0.386738  0.027504           NaN
2020-08-19           NaN  0.372008  0.025320           NaN
2020-08-20           NaN  0.389987  0.026389           NaN
2020-08-21           NaN  0.394036  0.025685           NaN
2020-08-22           NaN  0.369224  0.025717           NaN
2020-08-23           NaN  0.367608  0.025389           NaN
2020-08-24           NaN  0.363826  0.027680           NaN
2020-08-25           NaN  0.411654  0.026769           NaN
2020-08-26           NaN  0.400616  0.026625           NaN
2020-08-27           NaN  0.422017  0.026074           NaN
2020-08-28           NaN  0.411814  0.026309           NaN
2020-08-29           NaN  0.412727  0.027724           NaN
2020-08-30           NaN  0.431232  0.026726           NaN
2020-08-31           NaN  0.419679  0.026684           NaN
2020-09-01           NaN  0.405948  0.025060           NaN
2020-09-02           NaN  0.413448  0.024544           NaN
2020-09-03           NaN  0.409397  0.021574           NaN
2020-09-04           NaN  0.374940  0.018893           NaN
2020-09-05           NaN  0.382842  0.018582           NaN
2020-09-06           NaN  0.403342  0.018630           NaN
2020-09-07           NaN  0.387708  0.018679           NaN
2020-09-08           NaN  0.403915  0.018646           NaN
2020-09-09           NaN  0.424811  0.019934           NaN
2020-09-10           NaN  0.507779  0.020228           NaN
2020-09-11           NaN  0.532073  0.021179           NaN
2020-09-12           NaN  0.517859  0.020810           NaN
2020-09-13           NaN  0.502372  0.020016           NaN
2020-09-14           NaN  0.523131  0.019481           NaN
2020-09-15           NaN  0.546132  0.020176           NaN
2020-09-16           NaN  0.554593  0.019585           NaN
2020-09-17           NaN  0.602735  0.020447           NaN
2020-09-18           NaN  0.661479  0.021092           NaN
2020-09-19           NaN  0.716501  0.020601           NaN
2020-09-20           NaN  0.750177  0.022202           NaN
2020-09-21           NaN  0.732178  0.019792           NaN
2020-09-22           NaN  0.784086  0.019454           NaN
2020-09-23           NaN  0.753969  0.018228           NaN
2020-09-24           NaN  0.805029  0.018082           NaN
2020-09-25           NaN  0.930434  0.019188           NaN
2020-09-26           NaN  0.898084  0.018808           NaN
2020-09-27           NaN  0.918078  0.018710           NaN
2020-09-28           NaN  0.913357  0.019008           NaN
2020-09-29           NaN  0.941204  0.019363           NaN
2020-09-30           NaN  1.052709  0.020241           NaN
2020-10-01           NaN  1.048141  0.019225           NaN
2020-10-02           NaN  1.101328  0.018330           NaN
2020-10-03           NaN  1.209119  0.018546           NaN
2020-10-04           NaN  1.313458  0.018349           NaN
2020-10-05           NaN  1.274640  0.018611           NaN
2020-10-06           NaN  1.244806  0.017453           NaN
2020-10-07           NaN  1.284472  0.016815           NaN
2020-10-08           NaN  1.254279  0.016251           NaN
2020-10-09           NaN  1.357607  0.016806           NaN
2020-10-10           NaN  1.313862  0.016844           NaN
2020-10-11           NaN  1.298993  0.017659           NaN
2020-10-12           NaN  1.334484  0.017615           NaN
2020-10-13           NaN  1.302384  0.017852           NaN
2020-10-14           NaN  1.303098  0.017246           NaN
2020-10-15           NaN  1.268736  0.017108           NaN
2020-10-16           NaN  1.297331  0.016499           NaN
2020-10-17           NaN  1.249185  0.016687           NaN
2020-10-18           NaN  1.220977  0.016684           NaN
2020-10-19           NaN  1.191025  0.015861           NaN
2020-10-20           NaN  1.154969  0.015343           NaN
2020-10-21           NaN  1.115232  0.015174           NaN
2020-10-22           NaN  1.297476  0.017153           NaN
2020-10-23           NaN  1.308381  0.017056           NaN
2020-10-24           NaN  1.328789  0.017398           NaN
2020-10-25           NaN  1.353453  0.017297           NaN
2020-10-26           NaN  1.269318  0.016472           NaN
2020-10-27           NaN  1.254617  0.015122           NaN
2020-10-28           NaN  1.318493  0.015544           NaN
2020-10-29           NaN  1.290332  0.013683           NaN
2020-10-30           NaN  1.338889  0.013802           NaN
2020-10-31           NaN  1.387072  0.013477           NaN
2020-11-01           NaN  1.425144  0.014171           NaN
2020-11-02           NaN  1.423729  0.013855           NaN
2020-11-03           NaN  1.362074  0.012336           NaN
2020-11-04           NaN  1.602303  0.012125           NaN
2020-11-05           NaN  1.608778  0.012226           NaN
2020-11-06           NaN  1.856212  0.015447           NaN
2020-11-07           NaN  1.878829  0.015065           NaN
2020-11-08           NaN  1.852577  0.015068           NaN
2020-11-09           NaN  1.872295  0.015804           NaN
2020-11-10           NaN  1.919153  0.017349           NaN
2020-11-11           NaN  1.891451  0.016137           NaN
2020-11-12           NaN  1.825008  0.015281           NaN
2020-11-13           NaN  2.007750  0.016800           NaN
2020-11-14           NaN  1.972056  0.016983           NaN
2020-11-15           NaN  1.958985  0.016545           NaN
2020-11-16           NaN  1.800872  0.015896           NaN
2020-11-17           NaN  1.923845  0.016880           NaN
2020-11-18           NaN  2.040526  0.016943           NaN
2020-11-19           NaN  2.056619  0.017248           NaN
2020-11-20           NaN  2.194491  0.017061           NaN
2020-11-21           NaN  2.308167  0.019723           NaN
2020-11-22           NaN  2.482016  0.019440           NaN
2020-11-23           NaN  2.570906  0.021160           NaN
2020-11-24           NaN  2.342586  0.020740           NaN
2020-11-25           NaN  2.308120  0.021779           NaN
2020-11-26           NaN  2.232782  0.019436           NaN
2020-11-27           NaN  2.394710  0.017728           NaN
2020-11-28           NaN  2.293773  0.018116           NaN
2020-11-29           NaN  2.420901  0.018346           NaN
2020-11-30           NaN  2.286286  0.018017           NaN
2020-12-01           NaN  2.528745  0.019489           NaN
2020-12-02           NaN  2.403522  0.019017           NaN
2020-12-03           NaN  2.428440  0.020546           NaN
2020-12-04           NaN  2.398016  0.019627           NaN
2020-12-05           NaN  2.287722  0.019251           NaN
2020-12-06           NaN  2.331545  0.019346           NaN
2020-12-07           NaN  2.359205  0.019391           NaN
2020-12-08           NaN  2.372268  0.018491           NaN
2020-12-09           NaN  2.273410  0.017919           NaN
2020-12-10           NaN  2.252874  0.018072           NaN
2020-12-11           NaN  2.214456  0.017750           NaN
2020-12-12           NaN  2.220169  0.017221           NaN
2020-12-13           NaN  2.262562  0.017823           NaN
2020-12-14           NaN  2.291971  0.018300           NaN
2020-12-15           NaN  2.239766  0.019354           NaN
2020-12-16           NaN  2.321197  0.017722           NaN
2020-12-17           NaN  2.522588  0.017771           NaN
2020-12-18           NaN  2.773207  0.020336           NaN
2020-12-19           NaN  2.857437  0.019376           NaN
2020-12-20           NaN  2.976714  0.019516           NaN
2020-12-21           NaN  2.909997  0.018742           NaN
2020-12-22           NaN  2.927995  0.017935           NaN
2020-12-23           NaN  3.218877  0.015677           NaN
2020-12-24           NaN  3.705856  0.016171           NaN
2020-12-25           NaN  3.673145  0.016001           NaN
2020-12-26           NaN  3.568923  0.018004           NaN
2020-12-27           NaN  4.296833  0.018515           NaN
2020-12-28           NaN  4.572322  0.018447           NaN
2020-12-29           NaN  5.352907  0.018291           NaN
2020-12-30           NaN  5.348146  0.017264           NaN
2020-12-31           NaN  5.424452  0.017491           NaN
2021-01-01           NaN  5.419537  0.017638           NaN
2021-01-02           NaN  5.496720  0.017397           NaN
2021-01-03           NaN  6.339069  0.019498           NaN
2021-01-04           NaN  6.212638  0.025026           NaN
2021-01-05           NaN  5.616495  0.022662           NaN
2021-01-06           NaN  5.581056  0.032221           NaN
2021-01-07           NaN  5.339644  0.030898           NaN
2021-01-08           NaN  5.369430  0.030790           NaN
2021-01-09           NaN  5.462938  0.034030           NaN
2021-01-10           NaN  5.730243  0.031873           NaN
2021-01-11           NaN  5.266291  0.028089           NaN
2021-01-12           NaN  4.982902  0.027598           NaN
2021-01-13           NaN  4.549963  0.027339           NaN
2021-01-14           NaN  5.040201  0.031389           NaN
2021-01-15           NaN  5.110938  0.036224           NaN
2021-01-16           NaN  5.039990  0.033442           NaN
2021-01-17           NaN  4.802383  0.034479           NaN
2021-01-18           NaN  4.678921  0.035236           NaN
2021-01-19           NaN  4.748581  0.033166           NaN
2021-01-20           NaN  4.691588  0.034948           NaN
2021-01-21           NaN  4.703830  0.033148           NaN
2021-01-22           NaN  4.635510  0.029447           NaN
2021-01-23           NaN  4.973079  0.035019           NaN
2021-01-24           NaN  5.278063  0.033023           NaN
2021-01-25           NaN  4.975882  0.032949           NaN
2021-01-26           NaN  5.001159  0.042958           NaN
2021-01-27           NaN  5.183044  0.045043           NaN
2021-01-28           NaN  4.543895  0.035567           NaN
2021-01-29           NaN  4.916466  0.039096           NaN
2021-01-30           NaN  4.815691  0.039704           NaN
2021-01-31           NaN  4.987471  0.039505           NaN
2021-02-01           NaN  4.716820  0.040349           NaN
2021-02-02           NaN  4.608394  0.038592           NaN
2021-02-03           NaN  4.756738  0.041619           NaN
2021-02-04           NaN  4.997966  0.048094           NaN
2021-02-05           NaN  4.862327  0.053462           NaN
2021-02-06           NaN  4.877348  0.050523           NaN
2021-02-07           NaN  5.094337  0.068036           NaN
2021-02-08           NaN  4.306331  0.060237           NaN
2021-02-09           NaN  5.669856  0.098154           NaN
2021-02-10           NaN  6.275058  0.121215           NaN
2021-02-11           NaN  5.402699  0.116037           NaN
2021-02-12           NaN  5.720713  0.122298           NaN
2021-02-13           NaN  5.779852  0.112234           NaN
2021-02-14           NaN  5.506561  0.097197           NaN
2021-02-15           NaN  5.614653  0.107998           NaN
2021-02-16           NaN  5.252870  0.105921           NaN
2021-02-17           NaN  5.419745  0.105971           NaN
2021-02-18           NaN  5.755646  0.124306           NaN
2021-02-19           NaN  5.368867  0.145261           NaN
2021-02-20           NaN  5.593595  0.145466           NaN
2021-02-21           NaN  5.374208  0.157950           NaN
2021-02-22           NaN  5.810163  0.161370           NaN
2021-02-23           NaN  5.741383  0.153542           NaN
2021-02-24           NaN  5.026744  0.156422           NaN
2021-02-25           NaN  5.112203  0.184147           NaN
2021-02-26           NaN  4.869096  0.192597           NaN
2021-02-27           NaN  4.672133  0.201227           NaN
2021-02-28           NaN  4.827508  0.232008           NaN
2021-03-01           NaN  4.390474  0.223501           NaN
2021-03-02           NaN  4.648067  0.235109           NaN
2021-03-03           NaN  4.478304  0.215139           NaN
2021-03-04           NaN  4.753464  0.209076           NaN
2021-03-05           NaN  4.572795  0.214156           NaN
2021-03-06           NaN  4.616387  0.213664           NaN
2021-03-07           NaN  4.825673  0.203943           NaN
2021-03-08           NaN  5.516987  0.213837           NaN
2021-03-09           NaN  5.347893  0.285484           NaN
2021-03-10           NaN  5.247859  0.281198           NaN
2021-03-11           NaN  5.341639  0.396444           NaN
2021-03-12           NaN  5.634770  0.415183           NaN
2021-03-13           NaN  4.936180  0.395409           NaN
2021-03-14           NaN  5.181167  0.396485           NaN
2021-03-15           NaN  5.118057  0.416011           NaN
2021-03-16           NaN  4.855070  0.367837           NaN
2021-03-17           NaN  4.877645  0.392092           NaN
2021-03-18           NaN  5.162084  0.400515           NaN
2021-03-19           NaN  5.234281  0.403312           NaN
2021-03-20           NaN  4.996393  0.383621           NaN
2021-03-21           NaN  5.051612  0.385360           NaN
2021-03-22           NaN  5.157416  0.367581           NaN
2021-03-23           NaN  4.913969  0.330640           NaN
2021-03-24           NaN  4.920101  0.336502           NaN
2021-03-25           NaN  4.936010  0.306418           NaN
2021-03-26           NaN  4.565048  0.315217           NaN
2021-03-27           NaN  4.802601  0.327403           NaN
2021-03-28           NaN  4.770168  0.344320           NaN
2021-03-29           NaN  4.669478  0.369492           NaN
2021-03-30           NaN  4.714326  0.363506           NaN
2021-03-31           NaN  4.807143  0.358856           NaN
2021-04-01           NaN  4.757039  0.364092           NaN
2021-04-02           NaN  4.967935  0.381231           NaN
2021-04-03           NaN  5.614523  0.364172           NaN
2021-04-04           NaN  5.856319  0.354700           NaN
2021-04-05           NaN  6.198548  0.366582           NaN
2021-04-06           NaN  6.816168  0.380007           NaN
2021-04-07           NaN  7.702092  0.351043           NaN
2021-04-08           NaN  7.478334  0.344255           NaN
2021-04-09           NaN  7.528120  0.365760           NaN
2021-04-10           NaN  7.037140  0.350125           NaN
2021-04-11           NaN  7.060334  0.367587           NaN
2021-04-12           NaN  7.071013  0.358984           NaN
2021-04-13           NaN  6.681273  0.398372           NaN
2021-04-14           NaN  6.931000  0.417308           NaN
2021-04-15           NaN  6.955660  0.439714           NaN
2021-04-16           NaN  6.774737  0.440739           NaN
2021-04-17           NaN  6.611793  0.414492           NaN
2021-04-18           NaN  6.807167  0.389898           NaN
2021-04-19           NaN  6.146487  0.328770           NaN
2021-04-20           NaN  6.108646  0.336976           NaN
2021-04-21           NaN  6.416783  0.374597           NaN